(10000, 0)
(7000, 3000)
(3000, 4000)
(3000, 7000)
(6000, 7000)
(0, 10000)
(14000, 15000)
(20000, 21000)

ORIGIN (10000, 0)
Slopes
-1.75 (6000, 7000)
-1 (7000, 3000)
-1 (3000, 7000)
-1 (0, 10000)
-0.571429 (3000, 4000)
2.1 (20000, 21000)
3.75 (14000, 15000)
POINTS
(7000, 3000) (0, 10000)

ORIGIN (7000, 3000)
Slopes
-4 (6000, 7000)
-1 (10000, 0)
-1 (3000, 7000)
-1 (0, 10000)
-0.25 (3000, 4000)
1.38462 (20000, 21000)
1.71429 (14000, 15000)
POINTS
(7000, 3000) (0, 10000)

ORIGIN (3000, 4000)
Slopes
-2 (0, 10000)
-0.571429 (10000, 0)
-0.25 (7000, 3000)
1 (6000, 7000)
1 (14000, 15000)
1 (20000, 21000)
inf (3000, 7000)
POINTS
(7000, 3000) (0, 10000)
POINTS
(0, 0) (0, 0)
POINTS
(6000, 7000) (20000, 21000)

ORIGIN (3000, 7000)
Slopes
-1 (10000, 0)
-1 (7000, 3000)
-1 (0, 10000)
-0 (6000, 7000)
0.727273 (14000, 15000)
0.823529 (20000, 21000)
inf (3000, 4000)
POINTS
(10000, 0) (0, 10000)
POINTS
(0, 0) (0, 0)
POINTS
(6000, 7000) (20000, 21000)

ORIGIN (6000, 7000)
Slopes
-4 (7000, 3000)
-1.75 (10000, 0)
-0.5 (0, 10000)
0 (3000, 7000)
1 (3000, 4000)
1 (14000, 15000)
1 (20000, 21000)
POINTS
(10000, 0) (0, 10000)
POINTS
(0, 0) (0, 524288)
POINTS
(6000, 7000) (20000, 21000)

ORIGIN (0, 10000)
Slopes
-2 (3000, 4000)
-1 (10000, 0)
-1 (7000, 3000)
-1 (3000, 7000)
-0.5 (6000, 7000)
0.357143 (14000, 15000)
0.55 (20000, 21000)
POINTS
(10000, 0) (0, 10000)
POINTS
(0, 0) (0, 524288)
POINTS
(6000, 7000) (20000, 21000)

ORIGIN (14000, 15000)
Slopes
0.357143 (0, 10000)
0.727273 (3000, 7000)
1 (3000, 4000)
1 (6000, 7000)
1 (20000, 21000)
1.71429 (7000, 3000)
3.75 (10000, 0)
POINTS
(10000, 0) (0, 10000)
POINTS
(0, 0) (0, 524288)
POINTS
(3000, 4000) (20000, 21000)

ORIGIN (20000, 21000)
Slopes
0.55 (0, 10000)
0.823529 (3000, 7000)
1 (3000, 4000)
1 (6000, 7000)
1 (14000, 15000)
1.38462 (7000, 3000)
2.1 (10000, 0)
POINTS
(10000, 0) (0, 10000)
POINTS
(0, 0) (0, 524288)
POINTS
(3000, 4000) (20000, 21000)

(10000, 0) -> (0, 10000)
(7000, 3000) -> (0, 10000)
(0, 0) -> (3000, 4000)
(3000, 4000) -> (20000, 21000)
(0, 0) -> (3000, 7000)
(3000, 7000) -> (20000, 21000)
(0, 0) -> (0, 524288)
(6000, 7000) -> (20000, 21000)
(10000, 0) -> (14000, 15000)
(10000, 0) -> (20000, 21000)
