200
5126
7696
2325
2602
8722
8072
428
1013
2423
9288
6882
7457
9260
3910
5691
4741
5024
2976
3716
2462
7434
9539
9710
25
5974
9249
4173
4058
8206
7512
8076
3723
3302
3794
2576
6460
3930
7961
5800
9963
1242
4263
8980
6945
9756
6944
6808
9038
5847
99
7346
9068
7379
8956
9068
5281
2943
8610
4323
707
3652
1191
4684
4090
2416
736
7902
454
7219
5964
3157
1400
2155
9301
9194
1760
4778
4040
9899
4881
1040
7940
8734
2823
985
2401
9283
1830
3994
1747
7098
1652
7683
654
4643
9736
3965
702
7633
5594
3552
9167
5790
7614
7204
8474
5483
7323
6684
7203
714
6715
9395
3670
2747
8060
6840
3489
6938
2226
781
9856
8310
925
3841
8930
7250
2126
4752
2407
7489
9979
5750
9816
9736
4431
1968
4636
8601
9250
8177
4027
6637
9510
2139
2401
819
7769
2553
7909
8711
5195
4420
2125
331
9400
9202
3683
7982
258
2373
6787
5930
1018
1045
1022
896
5944
3780
1594
8021
324
9447
1238
4159
6465
3616
1936
1455
1340
9410
2704
8417
9000
8598
2203
8054
9081
1988
5367
3253
9793
40
4800
7023
7794
3799
945
1538
8820
